1 5     2 6     3 4
0 5     3 1     10 3    8 1    12 2
0 6     3 4     5 5
1 1     4 2     0 4     2 4    12 3
3 2     5 4    12 1    13 1    23 2
6 5     2 5     4 4
5 5     7 5
6 5    24 4
9 4    10 3    11 2     1 1
8 4    11 2    10 2    15 3
8 3    12 2     1 3     9 2
9 2    13 5     8 2    12 3    14 4
10 2   13 4     3 3     4 1    11 3     1 2
12 4   11 5     4 1    17 6    23 3
15 2   17 3    11 4    16 3
14 2   16 2     9 3    19 2
15 2   18 6    14 3
14 3   19 1    18 4    13 6
17 4   16 6    20 7    21 5    19 2
17 1   20 2    15 2    18 2    23 3
22 1   18 7    19 2    23 4
18 5   22 4    26 5
20 1   23 3    21 4    25 1    26 2
22 3    4 2    13 3    19 3    20 4
25 2    7 4
24 2   28 3    22 1    27 2
27 4   21 5    22 2    28 1
26 4   25 2
25 3   26 1

0 2     1 3    2 1
3 2     5 2
4 3     6 1    7 2
8 1     9 2
10 2   11 3   12 1
13 1
14 1   15 2   16 3   17 1
18 2   19 2
20 1   21 2   22 2
23 3   24 3
25 2
26 1
27 2   28 1

0-1-2        3-5      5
3-5          4-6-7    6
8-9          10-11-12 5
10-11-12     13       7
13           4-6-7    9
4-6-7        23-24    5
23-24        25       6
14-15-16-17  18-19    5
18-19        20-21-22 5
20-21-22     25       7
25           26       5
26           27-28    4
27-28        end      4